YMRAVAI | SARSVAI
		S	A	R	S	V	A	I
	0	-1	-2	-3	-4	-5	-6	-7	
V	-1	-1	-2	-3	-4	-5	-6	-7	
M	-2	-2	-2	-3	-4	-5	-6	-7	
R	-3	-3	-3	-1	-2	-3	-4	-5	
A	-4	-4	-2	-2	-2	-3	-2	-3	
V	-5	-5	-3	-3	-3	-1	-2	-3	
A	-6	-6	-4	-4	-4	-2	0	-1	
I	-7	-7	-5	-5	-5	-3	-1	1


VRSAVI | SARSVAI
		S	A	R	S	V	A	I
	0	-1	-2	-3	-4	-5	-6	-7	
V	-1	-1	-2	-3	-4	-3	-4	-5	
R	-2	-2	-2	-1	-2	-3	-4	-5	
S	-3	-1	-2	-2	0	-1	-2	-3	
A	-4	-2	0	-1	-1	-1	0	-1	
V	-5	-3	-1	-1	-2	0	-1	-1	
I	-6	-4	-2	-2	-2	-1	-1	0


VRSAVI | YMRAVAI
		Y	M	R	A	V	A	I
	0	-1	-2	-3	-4	-5	-6	-7	
V	-1	-1	-2	-3	-4	-3	-4	-5	
R	-2	-2	-2	-1	-2	-3	-4	-5	
S	-3	-3	-3	-2	-2	-3	-4	-5	
A	-4	-4	-4	-3	-1	-2	-2	-3	
V	-5	-5	-5	-4	-2	0	-1	-2	
I	-6	-6	-6	-5	-3	-1	-1	0


LRSVAL | SARSVAI
		S	A	R	S	V	A	I
	0	-1	-2	-3	-4	-5	-6	-7	
L	-1	-1	-2	-3	-4	-5	-6	-7	
R	-2	-2	-2	-1	-2	-3	-4	-5	
S	-3	-1	-2	-2	0	-1	-2	-3	
V	-4	-2	-2	-3	-1	1	0	-1	
A	-5	-3	-1	-2	-2	0	2	1	
L	-6	-4	-2	-2	-3	-1	1	1	


LRSVAL | YMRAVAI
		Y	M	R	A	V	A	I
	0	-1	-2	-3	-4	-5	-6	-7	
L	-1	-1	-2	-3	-4	-5	-6	-7	
R	-2	-2	-2	-1	-2	-3	-4	-5	
S	-3	-3	-3	-2	-2	-3	-4	-5	
V	-4	-4	-4	-3	-3	-1	-2	-3	
A	-5	-5	-5	-4	-2	-2	0	-1	
L	-6	-6	-6	-5	-3	-3	-1	-1	


LRSVAL | VRSAVI
		V	R	S	A	V	I
	0	-1	-2	-3	-4	-5	-6	
L	-1	-1	-2	-3	-4	-5	-6	
R	-2	-2	0	-1	-2	-3	-4	
S	-3	-3	-1	1	0	-1	-2	
V	-4	-2	-2	0	0	1	0	
A	-5	-3	-3	-1	1	0	0	
L	-6	-4	-4	-2	0	0	-1	


7	1	0	1	
1	7	0	-1	
0	0	6	-1	
1	-1	-1	6	

